POSITION

AVG SQUARE ERROR
NOISE: 1.5255502808651258
EWMA: 107.41931136680704
LAVIOLA: 5.368592689974576
MINE: 1.201260210275962

AVG SQUARE ERROR AFTER STABLE
NOISE: 1.5578634562382034
EWMA: 100.66198675025389
LAVIOLA: 2.3364542152593457
MINE: 0.5000416846833218

VELOCITY

AVG SQUARE ERROR
NOISE: 3.080700734164399
EWMA: 0.7228897191329321
LAVIOLA: 0.2980282576875768
MINE: 0.23976080387526275

AVG SQUARE ERROR AFTER STABLE
NOISE: 3.1961753700422677
EWMA: 0.27444429300969314
LAVIOLA: 0.0484774845658167
MINE: 0.026735064026052573
