POSITION
AVG SQUARE ERROR
NOISE: 1.6196713161696044
EWMA: 107.25142752900197
LAVIOLA: 6.951423287105342
MINE: 1.4448769981011877

AVG SQUARE ERROR AFTER t=10
NOISE: 1.5616816291362485
EWMA: 110.83209493899147
LAVIOLA: 5.750905908694975
MINE: 0.7521626110301238

VELOCITY
AVG SQUARE ERROR
NOISE: 3.0674851895863493
EWMA: 0.7384714589476016
LAVIOLA: 0.3330071348230899
MINE: 0.29064617669736487

AVG SQUARE ERROR AFTER t=10 
NOISE: 3.0398808885406114
EWMA: 0.3015812188858515
LAVIOLA: 0.1599988791525947
MINE: 0.09719125296434675
