POSITION
AVG SQUARE ERROR
NOISE:    1.9087760030623064
EWMA:   105.99553325675078
LAVIOLA:  7.215075885046027
MINE:     1.2400172062471304

AVG SQUARE ERROR AFTER STABLE
NOISE:     1.8466326127842987
EWMA:    100.43742026309988
LAVIOLA:   7.121222056039189
MINE:      0.5653287767996497

VELOCITY
AVG SQUARE ERROR
NOISE:   3.739245759198309
EWMA:    0.773379415320975
LAVIOLA: 0.3135724471846912
MINE:    0.29412638212366266

AVG SQUARE ERROR AFTER t=20
NOISE:   3.775371164821391
EWMA:    0.2836925332749819
LAVIOLA: 0.0693857300785326
MINE:    0.028397358853113154
